:Product: 0122GEOA.txt
:Issued: 2024 Jan 22 0330 UTC
# Prepared by the U.S. Dept. of Commerce, NOAA,
# Space Weather Prediction Center.
#
Geoalert WWA022
UGEOA 20401 40122 0330/ 9930/ 
12221 23221 30221
99999
UGEOE 20401 40122 0330/ 21/02
18232 1838/ 18552 15899 01402 0//// ///// 93559
21372 2137/ 21372 9//99 01802 0//// ///// 9////
99999
UGEOI 20401 40122 0330/ 21///
10150 21790 3006/ 4///0 50000 61306 71804 80013 91050
99999
UGEOR 20401 40122 0330/ 21/24 22109
13545 20000 30000 47201 50120 60001 39106 01000
13549 20000 30000 47201 50170 60001 35521 01000
13553 20000 30100 47101 50020 60001 43805 01000
13555 20000 30000 43212 50110 60005 30912 02000
13556 20000 30000 47301 50070 60001 40115 01000
13559 20000 31010 46533 50300 60028 12227 19410
13560 20000 30100 43122 50060 60010 22210 04000
13561 20000 30000 44122 50090 60008 31616 04000
13562 20000 30000 44312 50110 60005 32708 04000
99999
