:Product: 0207GEOA.txt
:Issued: 2024 Feb 07 0330 UTC
# Prepared by the U.S. Dept. of Commerce, NOAA,
# Space Weather Prediction Center.
#
Geoalert WWA038
UGEOA 20401 40207 0330/ 9930/ 
12071 20072 30071
99999
UGEOE 20401 40207 0330/ 06/04
02082 0208/ 02082 9//99 01102 0//// ///// 9////
02152 0228/ 02372 22299 2//// 04702 ///// 93575
02372 0312/ 03372 24299 13303 24802 ///// 93575
18382 1849/ 19072 21399 01102 0//// ///// 93575
99999
UGEOI 20401 40207 0330/ 06///
10175 21902 3008/ 4///0 50300 61906 73604 80012 91020
99999
UGEOR 20401 40207 0330/ 06/24 07110
13564 20000 30000 43312 50030 60003 37213 02000
13565 20000 30000 42012 50010 60005 45705 01000
13571 20000 30000 47201 50110 60005 30517 00000
13572 20000 30000 42012 50010 60002 34812 01000
13573 20000 30000 42012 50010 60002 46121 01000
13574 20000 30000 43212 50030 60003 10317 01000
13575 20300 30100 44526 50250 60007 37836 16312
13576 20000 30910 46526 50540 60041 24616 17300
13577 20000 30000 42012 50010 60004 10625 01000
13578 20000 30000 43112 50020 60003 25305 01000
99999
