:Product: 0110GEOA.txt
:Issued: 2024 Jan 10 0330 UTC
# Prepared by the U.S. Dept. of Commerce, NOAA,
# Space Weather Prediction Center.
#
Geoalert WWA010
UGEOA 20401 40110 0330/ 9930/ 
11103 20103 30101
99999
UGEOE 20401 40110 0330/ 09/01
14142 1414/ 14142 9//99 01302 0//// ///// 9////
99999
UGEOI 20401 40110 0330/ 09///
10183 21760 3006/ 4///0 50000 61206 73304 80211 91060
99999
UGEOR 20401 40110 0330/ 09/24 10111
13536 20000 30000 45313 50170 60013 44206 04100
13537 20000 30000 47301 50030 60001 44718 01000
13538 20000 30400 43322 50080 60010 46720 15000
13539 20000 30000 44322 50060 60008 42710 04100
13540 20000 30100 43312 50240 60014 21818 02000
13541 20000 30000 44322 50080 60005 21721 04100
13542 20000 30000 41001 50010 60001 44318 00000
13543 20000 30000 44212 50110 60008 34806 02000
13544 20000 30000 47201 50020 60001 13218 01000
13545 20000 30000 47301 50190 60001 26706 01000
13546 20000 30000 43312 50070 60011 25024 02000
99999
