:Product: 0206GEOA.txt
:Issued: 2024 Feb 06 0330 UTC
# Prepared by the U.S. Dept. of Commerce, NOAA,
# Space Weather Prediction Center.
#
Geoalert WWA037
UGEOA 20401 40206 0330/ 9930/ 
12061 22061 30061
99999
UGEOE 20401 40206 0330/ 05/02
04132 0428/ 04442 22100 0//// 0//// 27116 93576
06102 0622/ 06262 21400 0//// 0//// 27921 93576
99999
UGEOI 20401 40206 0330/ 05///
10152 21730 3007/ 4///0 50200 62206 72004 80213 91065
99999
UGEOR 20401 40206 0330/ 05/24 06111
13565 20000 30010 42012 50010 60004 44306 01000
13567 20000 30000 42012 50010 60004 42116 01000
13570 20000 30000 42012 50010 60002 30705 01000
13571 20000 30000 47201 50100 60003 20817 00000
13572 20000 30000 41001 50005 60001 33412 00000
13573 20000 30000 42012 50010 60002 44622 01000
13574 20000 30000 43312 50030 60002 11716 02000
13575 20000 30200 44536 50270 60007 36436 17201
13576 20200 30710 45535 50610 60013 25715 18410
13577 20000 30000 42012 50005 60003 12025 01000
13578 20000 30000 41001 50005 60001 26703 00000
99999
