:Product: 0108GEOA.txt
:Issued: 2024 Jan 08 0330 UTC
# Prepared by the U.S. Dept. of Commerce, NOAA,
# Space Weather Prediction Center.
#
Geoalert WWA008
UGEOA 20401 40108 0330/ 9930/ 
12081 20081 30081
99999
UGEOE 20401 40108 0330/ 07/01
07522 0756/ 08002 16311 01002 0//// 41004 93536
99999
UGEOI 20401 40108 0330/ 07///
10171 21670 3002/ 4///0 50000 61106 71105 80210 90800
99999
UGEOR 20401 40108 0330/ 07/24 08110
13534 20000 30000 47201 50080 60002 38612 01000
13536 20000 30520 45323 50100 60018 42005 16100
13537 20000 30000 47301 50060 60002 42318 01000
13538 20000 30100 43122 50030 60010 44225 03000
13539 20000 30100 44123 50030 60007 40111 04000
13540 20000 30100 45523 50310 60017 24717 15200
13541 20000 30000 43312 50060 60003 24320 02000
13542 20000 30000 43312 50050 60003 41516 02000
13543 20000 30000 44322 50050 60008 32105 15100
13544 20000 30000 47301 50030 60001 16019 01000
99999
