:Product: 0204GEOA.txt
:Issued: 2024 Feb 04 0330 UTC
# Prepared by the U.S. Dept. of Commerce, NOAA,
# Space Weather Prediction Center.
#
Geoalert WWA035
UGEOA 20401 40204 0330/ 9930/ 
12041 21041 30041
99999
UGEOE 20401 40204 0330/ 03/00
99999
UGEOI 20401 40204 0330/ 03///
10123 21560 3003/ 4///0 50000 61806 73704 80112 90770
99999
UGEOR 20401 40204 0330/ 03/24 04108
13565 20000 30100 43123 50020 60007 41505 03000
13567 20000 30100 45122 50030 60008 10918 04100
13570 20000 30000 44112 50020 60007 22104 01000
13571 20000 30100 47201 50120 60002 23718 04100
13573 20000 30000 43112 50010 60002 41822 01000
13574 20000 30000 44212 50090 60002 14415 02000
13575 20000 30300 44536 50280 60012 33737 17211
13576 20000 30000 44332 50200 60003 28217 17200
99999
