:Product: 0208GEOA.txt
:Issued: 2024 Feb 08 0330 UTC
# Prepared by the U.S. Dept. of Commerce, NOAA,
# Space Weather Prediction Center.
#
Geoalert WWA039
UGEOA 20401 40208 0330/ 9930/ 
12081 20081 30081
99999
UGEOE 20401 40208 0330/ 07/04
03042 0331/ 04112 25100 09702 03902 37840 93575
17412 1805/ 18352 21399 0//// 0//// ///// 93576
19292 1929/ 19292 9//99 02202 0//// ///// 9////
21482 2148/ 21482 9//99 02602 0//// ///// 93577
99999
UGEOI 20401 40208 0330/ 07///
10164 21881 3004/ 4///0 50200 61406 72104 80113 91210
99999
UGEOR 20401 40208 0330/ 07/24 08110
13564 20000 30000 43312 50040 60003 38313 00000
13565 20000 30000 42012 50010 60002 46805 00000
13571 20000 30000 47301 50120 60005 31717 01000
13572 20000 30000 42012 50010 60002 36112 00000
13574 20000 30000 43112 50020 60003 40817 01000
13575 20100 30200 43515 50250 60003 39037 17311
13576 20100 30020 46536 50670 60037 23316 18411
13577 20000 30000 42012 50010 60004 40725 00000
13578 20000 30000 43112 50030 60004 24005 02000
13579 20000 30000 47301 50050 60001 26014 01000
99999
