:Product: 0306GEOA.txt
:Issued: 2024 Mar 06 0330 UTC
# Prepared by the U.S. Dept. of Commerce, NOAA,
# Space Weather Prediction Center.
#
Geoalert WWA066
UGEOA 20401 40306 0330/ 9930/ 
11063 20062 30061
99999
UGEOE 20401 40306 0330/ 05/00
99999
UGEOI 20401 40306 0330/ 05///
10121 21420 3007/ 4///0 50000 66507 71704 80113 90560
99999
UGEOR 20401 40306 0330/ 05/24 06110
13591 20000 30000 47201 50040 60001 36635 00000
13595 20000 30000 44212 50190 60002 47421 02000
13596 20000 30000 41001 50010 60001 44520 00000
13598 20000 30000 42012 50010 60001 38811 01000
13599 20000 30100 44223 50070 60006 22513 04000
13600 20000 30100 47201 50070 60001 23318 00000
13601 20000 30000 42012 50010 60003 43714 01000
13602 20000 30000 43212 50050 60004 11620 01000
13603 20000 30000 47201 50040 60001 14014 00000
13604 20000 30000 47301 50070 60001 17108 01000
99999
