:Product: 0305GEOA.txt
:Issued: 2024 Mar 05 0330 UTC
# Prepared by the U.S. Dept. of Commerce, NOAA,
# Space Weather Prediction Center.
#
Geoalert WWA065
UGEOA 20401 40305 0330/ 9930/ 
11051 20053 30051
99999
UGEOE 20401 40305 0330/ 04/01
01562 0156/ 01562 9//99 01302 0//// ///// 9////
99999
UGEOI 20401 40305 0330/ 04///
10113 21400 3010/ 4///0 50000 67407 71704 80212 90480
99999
UGEOR 20401 40305 0330/ 04/24 05109
13591 20000 30000 47201 50030 60001 35336 01000
13592 20000 30000 41001 50010 60001 36014 00000
13595 20000 30000 45213 50180 60002 46220 15100
13596 20000 30000 41001 50010 60001 43120 00000
13598 20000 30000 44222 50100 60005 37213 04100
13599 20000 30000 43212 50030 60003 23814 01000
13600 20000 30000 47201 50080 60001 24618 01000
13602 20000 30100 44312 50030 60008 12919 03000
13603 20000 30000 41001 50010 60001 15314 00000
99999
