:Product: 0114GEOA.txt
:Issued: 2024 Jan 14 0330 UTC
# Prepared by the U.S. Dept. of Commerce, NOAA,
# Space Weather Prediction Center.
#
Geoalert WWA014
UGEOA 20401 40114 0330/ 9930/ 
11141 20141 30141
99999
UGEOE 20401 40114 0330/ 13/03
10572 1057/ 10572 9//99 01602 0//// ///// 9////
13352 1335/ 13352 9//99 01002 0//// ///// 9////
14522 1452/ 14522 9//99 01002 0//// ///// 9////
99999
UGEOI 20401 40114 0330/ 13///
10191 21850 3003/ 4///0 50000 61506 71804 80113 90990
99999
UGEOR 20401 40114 0330/ 13/24 14113
13539 20000 30000 43312 50110 60003 48213 03000
13540 20000 30000 43322 50080 60013 33718 04100
13541 20000 30400 44315 50070 60004 33322 04100
13544 20000 30000 41001 50010 60001 42418 00000
13545 20000 30100 43412 50250 60003 21706 03000
13546 20000 30000 43112 50040 60009 30324 02000
13547 20000 30000 43312 50030 60006 40918 01000
13548 20000 30000 44312 50070 60005 12812 02000
13549 20000 30000 44222 50180 60007 25021 03000
13550 20000 30000 41001 50010 60001 20918 00000
13551 20000 30000 42012 50010 60003 13926 00000
13552 20000 30000 43312 50010 60005 32522 00000
13553 20000 30000 47201 50120 60001 16805 01000
99999
