:Product: 0109GEOA.txt
:Issued: 2024 Jan 09 0330 UTC
# Prepared by the U.S. Dept. of Commerce, NOAA,
# Space Weather Prediction Center.
#
Geoalert WWA009
UGEOA 20401 40109 0330/ 9930/ 
11093 20093 30091
99999
UGEOE 20401 40109 0330/ 08/02
00342 0034/ 00342 9//99 01702 0//// ///// 9////
15112 1522/ 15332 12999 02102 0//// ///// 93542
99999
UGEOI 20401 40109 0330/ 08///
10152 21760 3004/ 4///0 50000 61206 75904 80009 90700
99999
UGEOR 20401 40109 0330/ 08/24 09109
13536 20000 30000 45323 50120 60013 43105 15100
13537 20000 30000 47301 50030 60001 43518 01000
13538 20000 30100 43322 50040 60011 45425 15000
13539 20000 30001 43312 50040 60005 41211 02000
13540 20000 30100 44523 50290 60015 23117 16100
13541 20000 30000 44322 50050 60003 22920 04100
13542 20000 30100 47301 50020 60001 42919 01000
13543 20000 30100 44322 50080 60012 33405 15100
13544 20000 30000 47301 50030 60001 14719 01000
99999
