:Product: 0111GEOA.txt
:Issued: 2024 Jan 11 0330 UTC
# Prepared by the U.S. Dept. of Commerce, NOAA,
# Space Weather Prediction Center.
#
Geoalert WWA011
UGEOA 20401 40111 0330/ 9930/ 
12112 20112 30111
99999
UGEOE 20401 40111 0330/ 10/04
12392 1255/ 13052 21499 0//// 0//// ///// 9////
12442 1244/ 12442 9//99 01202 0//// ///// 9////
18562 1907/ 19162 16599 01402 02302 ///// 93536
23182 2328/ 23352 21900 0//// 0//// 47722 93538
99999
UGEOI 20401 40111 0330/ 10///
10183 21861 3007/ 4///0 50200 62106 72504 80011 91200
99999
UGEOR 20401 40111 0330/ 10/24 11110
13536 20000 30000 44312 50060 60004 45706 02000
13537 20000 30000 47301 50030 60001 46118 01000
13538 20100 30200 43312 50200 60010 48120 15000
13539 20000 30000 44312 50220 60009 44110 04000
13540 20000 30100 43312 50240 60014 20418 02000
13541 20000 30000 45323 50060 60024 20723 15100
13543 20000 30000 43212 50110 60008 36306 01000
13544 20000 30000 47201 50020 60001 11818 00000
13545 20000 30000 47301 50190 60001 25206 01000
13546 20000 30000 43322 50070 60011 23624 04000
99999
