:Product: 0120GEOA.txt
:Issued: 2024 Jan 20 0330 UTC
# Prepared by the U.S. Dept. of Commerce, NOAA,
# Space Weather Prediction Center.
#
Geoalert WWA020
UGEOA 20401 40120 0330/ 9930/ 
11201 20201 30201
99999
UGEOE 20401 40120 0330/ 19/02
03182 0318/ 03182 9//99 01402 0//// ///// 9////
03542 0354/ 03542 9//99 01102 0//// ///// 9////
99999
UGEOI 20401 40120 0330/ 19///
10137 21570 3008/ 4///0 50000 67407 71804 80114 90930
99999
UGEOR 20401 40120 0330/ 19/24 20110
13545 20000 30000 47301 50180 60002 36606 01000
13549 20000 30000 43312 50200 60003 32821 01000
13551 20000 30000 42012 50020 60003 43626 01000
13553 20000 30000 43312 50080 60006 41105 02000
13554 20000 30000 41001 50010 60002 40107 00000
13555 20000 30000 44322 50150 60008 21611 04100
13556 20000 30000 47301 50090 60002 12516 01000
13559 20000 30000 44312 50170 60006 14626 03000
13560 20000 30000 41001 50010 60001 25211 00000
13561 20000 30000 43312 50020 60004 21116 02000
99999
